66443035
171462170
262029107
193930120
131020409
123755887
139374223
195651268
136888679
168799184
100096055
226645036
103788804
223512505
157567377
250049437
131555118
115938553
236896659
69367395
69367395
139374223
103788804
123755887
193930120
260604473
191488480
40914585
223404066
165266998
236486339
199498852
211362658
229008846
182605662
155748208
238773538
200106480
46853604
94213590
188383245
190067014
205816573
240200202
195651268
82267967
273822226
56693692
296760646
228468662
163402568
100096055
194259928
150289672
223887169
224976780
